0 0.9078125 0.5638888888888889 0.9078125 0.5902777777777778 0.9265625 0.6208333333333333 0.96953125 0.6625 0.99921875 0.6763888888888889 0.99921875 0.46805555555555556 0.95546875 0.4736111111111111 0.9328125 0.4861111111111111 0.91640625 0.5222222222222223
0 0.71484375 0.35694444444444445 0.71484375 0.39444444444444443 0.7546875 0.4166666666666667 0.76640625 0.43472222222222223 0.78515625 0.43194444444444446 0.79453125 0.40555555555555556 0.8046875 0.41388888888888886 0.85859375 0.41944444444444445 0.86875 0.4388888888888889 0.8796875 0.44305555555555554 0.890625 0.4388888888888889 0.9109375 0.4097222222222222 0.9140625 0.37222222222222223 0.90546875 0.34444444444444444 0.91796875 0.325 0.90234375 0.325 0.89453125 0.3194444444444444 0.890625 0.3125 0.890625 0.2972222222222222 0.8796875 0.2916666666666667 0.85390625 0.325 0.81796875 0.3236111111111111 0.8078125 0.30972222222222223 0.79140625 0.30694444444444446 0.7765625 0.31805555555555554 0.77109375 0.3138888888888889 0.76796875 0.3236111111111111 0.73046875 0.32916666666666666 0.71875 0.3402777777777778
0 0.69296875 0.2763888888888889 0.6921875 0.29583333333333334 0.6953125 0.30972222222222223 0.7140625 0.30972222222222223 0.72734375 0.325 0.74296875 0.31805555555555554 0.76953125 0.32083333333333336 0.78671875 0.3 0.7828125 0.27361111111111114 0.77578125 0.2638888888888889 0.7438617187500001 0.25892916666666665 0.7140625 0.2611111111111111 0.70078125 0.25972222222222224
0 0.00703125 0.23194444444444445 0 0.23194444444444445 0 0.3375 0.01875 0.3388888888888889 0.02421875 0.3236111111111111 0.0359375 0.3194444444444444 0.05 0.3277777777777778 0.05625 0.325 0.05859375 0.32083333333333336 0.05859375 0.28055555555555556 0.04765625 0.24305555555555555 0.025 0.23333333333333334
0 0.19609375 0.22083333333333333 0.1953125 0.23194444444444445 0.20546875 0.25555555555555554 0.27265625 0.25555555555555554 0.2796875 0.24305555555555555 0.27890625 0.22083333333333333 0.26796875 0.20694444444444443 0.20234375 0.2111111111111111
3 0.140625 0.6055555555555555 0 0.7930555555555555 0 0.8333333333333334 0.009375 0.825 0.34453125 0.35694444444444445 0.378125 0.31666666666666665 0.39453125 0.2875 0.38359375 0.29305555555555557 0.33203125 0.35833333333333334 0.32109375 0.36666666666666664
2 0.69453125 0.4513888888888889 0.69375 0.45694444444444443 0.69765625 0.4597222222222222 0.73046875 0.4625 0.9328125 0.4708333333333333 0.984375 0.4666666666666667
2 0.7765625 0.5638888888888889 0.78203125 0.575 0.80703125 0.5777777777777777 0.90078125 0.5777777777777777 0.90546875 0.5736111111111111 0.9046875 0.5666666666666667 0.87734375 0.5625
2 0.95859375 0.8111111111111111 0.95859375 0.8194444444444444 0.97109375 0.8388888888888889 0.99921875 0.8402777777777778 0.99921875 0.8097222222222222
2 0.64765625 0.3888888888888889 0.65 0.39444444444444443 0.66328125 0.3972222222222222 0.71171875 0.3958333333333333 0.709375 0.3902777777777778 0.6984375 0.3888888888888889
2 0.61796875 0.35 0.61796875 0.3541666666666667 0.62578125 0.35694444444444445 0.671875 0.3597222222222222 0.71015625 0.3597222222222222 0.7125 0.35555555555555557