0 0.828125 0.46944444444444444 0.82578125 0.4986111111111111 0.83515625 0.5166666666666667 0.8671875 0.5444444444444444 0.8984375 0.5513888888888889 0.91015625 0.5736111111111111 0.9234375 0.5861111111111111 0.94375 0.5847222222222223 0.959375 0.5597222222222222 0.96796875 0.5541666666666667 0.9796875 0.5638888888888889 0.99921875 0.5638888888888889 0.99921875 0.45 0.99296875 0.44583333333333336 0.99140625 0.42916666666666664 0.99609375 0.4152777777777778 0.99296875 0.4083333333333333 0.97421875 0.39444444444444443 0.9484375 0.38333333333333336 0.93046875 0.3888888888888889 0.90859375 0.3861111111111111 0.9003125000000001 0.4083333333333333 0.85703125 0.41388888888888886 0.8421875 0.425 0.83359375 0.4388888888888889
0 0.696875 0.34305555555555556 0.69765625 0.36944444444444446 0.71328125 0.3763888888888889 0.73828125 0.4013888888888889 0.7515625 0.4013888888888889 0.765625 0.37777777777777777 0.77265625 0.3861111111111111 0.81015625 0.3861111111111111 0.82109375 0.39166666666666666 0.83125 0.4097222222222222 0.84140625 0.4097222222222222 0.86640625 0.37916666666666665 0.8625 0.32222222222222224 0.8703125 0.31666666666666665 0.86953125 0.30972222222222223 0.85390625 0.30694444444444446 0.8421875 0.2833333333333333 0.83671875 0.2847222222222222 0.8234375 0.30833333333333335 0.809375 0.3125 0.784375 0.3125 0.7765625 0.2972222222222222 0.7625 0.29444444444444445 0.73984375 0.3111111111111111 0.70859375 0.31527777777777777 0.7 0.325
0 0.00703125 0.23333333333333334 0.01171875 0.24861111111111112 0.00703125 0.2611111111111111 0.0046875 0.2861111111111111 0.009375 0.30972222222222223 0.01640625 0.32083333333333336 0.05703125 0.3055555555555556 0.06875 0.30694444444444446 0.08046875 0.3194444444444444 0.08828125 0.3194444444444444 0.096875 0.30277777777777776 0.115625 0.30972222222222223 0.12265625 0.3055555555555556 0.12421875 0.2652777777777778 0.1125 0.2361111111111111 0.090625 0.2263888888888889 0.060625 0.225 0.04609375 0.2152777777777778 0.03515625 0.2152777777777778 0.02890625 0.23055555555555557 0.02265625 0.23472222222222222
0 0.23125 0.21944444444444444 0.23046875 0.2388888888888889 0.24140625 0.25416666666666665 0.30078125 0.25416666666666665 0.30859375 0.2388888888888889 0.30625 0.21805555555555556 0.2953125 0.20972222222222223 0.24140625 0.2125
0 0.6890625 0.275 0.68984375 0.30277777777777776 0.69765625 0.3055555555555556 0.70390625 0.3013888888888889 0.71328125 0.3125 0.74296875 0.30694444444444446 0.77109375 0.2861111111111111 0.7477679687500001 0.2609125 0.69375 0.2611111111111111
3 0.1650671875 0.6003972222222222 0.1619421875 0.6073416666666667 0.1720984375 0.615675 0.1885046875 0.6003972222222222 0.38895078125000004 0.3234125 0.42020078125 0.2777777777777778 0.41462031250000003 0.27876944444444446
2 0.834375 0.6263888888888889 0.83828125 0.6375 0.8453125 0.6402777777777777 0.99921875 0.6486111111111111 0.99921875 0.6333333333333333
2 0.73125 0.4888888888888889 0.7328125 0.49444444444444446 0.7484375 0.49722222222222223 0.82421875 0.49722222222222223 0.82421875 0.49166666666666664 0.8140625 0.49027777777777776
2 0.70703125 0.41388888888888886 0.67421875 0.41388888888888886 0.67421875 0.41805555555555557 0.69453125 0.4236111111111111 0.82890625 0.43194444444444446 0.8421875 0.425
2 0.64296875 0.36666666666666664 0.640625 0.37083333333333335 0.69921875 0.3763888888888889 0.6921875 0.3680555555555556
2 0.61953125 0.33611111111111114 0.61640625 0.3388888888888889 0.684375 0.3486111111111111 0.690625 0.34444444444444444 0.68828125 0.3388888888888889