3 0.2828125 0.6638888888888889 0.2739953125 0.6845236111111112 0.29609375 0.6819444444444445 0.3109375 0.6569444444444444 0.43247734375 0.37797638888888885 0.47600468749999997 0.2857138888888889 0.46819218749999997 0.2817458333333333 0.44754453125 0.3234125 0.37421875 0.4791666666666667
0 0.07109375 0.24444444444444444 0.07421875 0.2569444444444444 0.0671875 0.2833333333333333 0.0671875 0.29583333333333334 0.07109375 0.31527777777777777 0.078125 0.32916666666666666 0.08515625 0.33055555555555555 0.0890625 0.3194444444444444 0.09609375 0.3138888888888889 0.10703125 0.31527777777777777 0.121875 0.30694444444444446 0.13984375 0.31527777777777777 0.14609375 0.32916666666666666 0.15390625 0.3277777777777778 0.159375 0.3125 0.17109375 0.3055555555555556 0.17421875 0.3138888888888889 0.1828125 0.3138888888888889 0.18359375 0.26805555555555555 0.171875 0.24166666666666667 0.09765625 0.22361111111111112 0.090625 0.2388888888888889
0 0.8765625 0.4125 0.87578125 0.44027777777777777 0.8828125 0.4527777777777778 0.9125 0.4736111111111111 0.93203125 0.4777777777777778 0.9359375 0.4708333333333333 0.94375 0.4791666666666667 0.9453125 0.4888888888888889 0.95390625 0.5027777777777778 0.9734375 0.5055555555555555 0.990625 0.4875 0.99921875 0.4875 0.99921875 0.3541666666666667 0.97421875 0.3472222222222222 0.96015625 0.3527777777777778 0.9453125 0.35 0.9328125 0.36944444444444446 0.91171875 0.36944444444444446 0.890625 0.37916666666666665 0.884375 0.3861111111111111
0 0.75 0.3125 0.74765625 0.3416666666666667 0.75078125 0.3472222222222222 0.7875 0.37222222222222223 0.8 0.37222222222222223 0.809375 0.35555555555555557 0.81484375 0.35555555555555557 0.84609375 0.36527777777777776 0.85390625 0.3625 0.8671875 0.37916666666666665 0.8765625 0.38055555555555554 0.89765625 0.3541666666666667 0.9 0.32916666666666666 0.896875 0.30694444444444446 0.9015625 0.29305555555555557 0.8890625 0.2916666666666667 0.88046875 0.2708333333333333 0.87578125 0.26944444444444443 0.87109375 0.2722222222222222 0.86328125 0.2916666666666667 0.853125 0.3 0.8453125 0.29305555555555557 0.8296875 0.2916666666666667 0.8140625 0.2791666666666667 0.7984375 0.2875 0.78671875 0.2847222222222222 0.778125 0.29583333333333334 0.75859375 0.3
0 0.28203125 0.22361111111111112 0.28125 0.24166666666666667 0.29140625 0.2569444444444444 0.31796875 0.25833333333333336 0.3359375 0.25277777777777777 0.35234375 0.2569444444444444 0.35703125 0.24583333333333332 0.35546875 0.2222222222222222 0.3515625 0.2152777777777778 0.3390625 0.2111111111111111 0.28984375 0.21666666666666667
0 0.69296875 0.23194444444444445 0.6921875 0.24583333333333332 0.69921875 0.25833333333333336 0.7265625 0.25833333333333336 0.7296875 0.25 0.73046875 0.23055555555555557 0.728125 0.22777777777777777 0.69609375 0.22777777777777777
2 0.8671875 0.5208333333333334 0.86484375 0.5263888888888889 0.88046875 0.5333333333333333 0.99921875 0.5388888888888889 0.99921875 0.5277777777777778
2 0.77890625 0.43333333333333335 0.78359375 0.44027777777777777 0.8734375 0.44305555555555554 0.87265625 0.4375
2 0.72734375 0.38055555555555554 0.7296875 0.38472222222222224 0.878125 0.39305555555555555 0.8765625 0.3888888888888889 0.79296875 0.38055555555555554
2 0.69296875 0.3458333333333333 0.69921875 0.35138888888888886 0.7546875 0.35555555555555557 0.74609375 0.3472222222222222
1 0.45043125 0.27058194444444444 0.44730625 0.27197083333333333 0.54373984375 0.2810694444444444 0.5648109375 0.2828291666666667 0.7105875 0.29280416666666664 0.7082437500000001 0.2872486111111111 0.659559375 0.2840861111111111