0 0.0296875 0.3763888888888889 0 0.3861111111111111 0 0.5236111111111111 0.01875 0.5194444444444445 0.0515625 0.49444444444444446 0.05546875 0.49444444444444446 0.0609375 0.5055555555555555 0.07265625 0.5069444444444444 0.08125 0.5013888888888889 0.0859375 0.49166666666666664 0.090625 0.42916666666666664 0.07421875 0.38472222222222224 0.05703125 0.36944444444444446
0 0.7828125 0.3972222222222222 0.78203125 0.41944444444444445 0.7859375 0.42777777777777776 0.80078125 0.44027777777777777 0.834375 0.4513888888888889 0.85078125 0.47638888888888886 0.86875 0.4736111111111111 0.8859375 0.4513888888888889 0.96328125 0.4527777777777778 0.9703125 0.4708333333333333 0.978125 0.47638888888888886 0.990625 0.4777777777777778 0.99921875 0.4722222222222222 0.99921875 0.3333333333333333 0.9953125 0.30694444444444446 0.98515625 0.3 0.9625 0.3236111111111111 0.9546875 0.3402777777777778 0.946875 0.3416666666666667 0.9182289062500001 0.3416666666666667 0.8953125 0.3111111111111111 0.8796875 0.30277777777777776 0.8203125 0.3472222222222222 0.7921875 0.3611111111111111 0.78515625 0.3736111111111111
0 0.684375 0.30833333333333335 0.6859375 0.3388888888888889 0.7 0.34305555555555556 0.72734375 0.3625 0.740625 0.35 0.76380234375 0.34444444444444444 0.7828125 0.3458333333333333 0.7984375 0.3541666666666667 0.825 0.3402777777777778 0.8296875 0.325 0.8296875 0.30833333333333335 0.825 0.28888888888888886 0.8078125 0.2791666666666667 0.7109375 0.2847222222222222 0.69140625 0.29444444444444445
0 0.2234375 0.3 0.2234375 0.3236111111111111 0.22734375 0.325 0.2390625 0.3138888888888889 0.2359375 0.26805555555555555 0.228125 0.26666666666666666 0.22578125 0.2708333333333333
0 0.2546875 0.25416666666666665 0.25390625 0.3138888888888889 0.2578125 0.325 0.27109375 0.3277777777777778 0.28828125 0.3111111111111111 0.3078125 0.3138888888888889 0.31015625 0.29305555555555557 0.296875 0.2569444444444444 0.2828125 0.24166666666666667 0.26875 0.2375
0 0.15078125 0.25 0.15 0.2652777777777778 0.1578125 0.2847222222222222 0.1921875 0.2833333333333333 0.20390625 0.2777777777777778 0.2078125 0.26805555555555555 0.209375 0.24722222222222223 0.1841515625 0.2222222222222222 0.15390625 0.24305555555555555
3 0.13828125 0.6847222222222222 0.1390625 0.6986111111111111 0.15390625 0.6986111111111111 0.17075859375 0.6746027777777778 0.2203125 0.6055555555555555 0.3484375 0.425 0.42109375 0.3125 0.41796875 0.3111111111111111 0.390625 0.34305555555555556 0.17578125 0.6375
2 0.88984375 0.6666666666666666 0.89453125 0.6777777777777778 0.9015625 0.6819444444444445 0.99921875 0.6805555555555556 0.99921875 0.6638888888888889
2 0.76484375 0.5027777777777778 0.765625 0.5083333333333333 0.77109375 0.5111111111111111 0.8671875 0.5097222222222222 0.930715625 0.5111111111111111 0.99921875 0.5111111111111111 0.99921875 0.5013888888888889 0.89921875 0.5 0.84754453125 0.5013888888888889
2 0.70234375 0.42083333333333334 0.7015625 0.425 0.70859375 0.42777777777777776 0.78046875 0.425 0.7796875 0.41944444444444445
2 0.6640625 0.37222222222222223 0.6625 0.3763888888888889 0.66796875 0.37777777777777777 0.7828125 0.3763888888888889 0.78203125 0.37083333333333335 0.72109375 0.3680555555555556
2 0.6390625 0.3402777777777778 0.640625 0.34444444444444444 0.68984375 0.34444444444444444 0.68203125 0.33611111111111114
0 0.6609375 0.2375 0.6671875 0.2625 0.69375 0.25972222222222224 0.709375 0.2638888888888889 0.734375 0.24603194444444446 0.7265625 0.228175 0.7078125 0.21805555555555556 0.66640625 0.22916666666666666
0 0.53203125 0.23333333333333334 0.53203125 0.24027777777777778 0.5296875 0.24027777777777778 0.53203125 0.2611111111111111 0.5421875 0.25833333333333336 0.546875 0.24722222222222223 0.546875 0.23472222222222222 0.53984375 0.225
0 0.48203125 0.23333333333333334 0.48046875 0.24166666666666667 0.48359375 0.2513888888888889 0.49140625 0.2611111111111111 0.5015625 0.2625 0.51484375 0.25833333333333336 0.52265625 0.22916666666666666 0.51953125 0.225 0.48984375 0.225