3 0.05625 0.9930555555555556 0.0546875 0.9986111111111111 0.08984375 0.9986111111111111 0.38359375 0.39305555555555555 0.39609375 0.36527777777777776 0.39609375 0.35833333333333334 0.390625 0.3597222222222222 0.37890625 0.3763888888888889 0.321875 0.48055555555555557
2 0.89921875 0.5875 0.9015625 0.5958333333333333 0.91328125 0.6 0.99921875 0.5958333333333333 0.99921875 0.5833333333333334
2 0.7765625 0.46111111111111114 0.77421875 0.46805555555555556 0.778125 0.4708333333333333 0.88251171875 0.46794861111111113 0.87890625 0.4638888888888889 0.85625 0.4597222222222222
2 0.70703125 0.39305555555555555 0.70625 0.4 0.71015625 0.4027777777777778 0.8609375 0.4013888888888889 0.88828125 0.4 0.90234375 0.391025 0.775240625 0.3920944444444444
0 0.11138359375 0.3248013888888889 0.11138359375 0.3484125 0.13091484375 0.37202361111111115 0.13716484375 0.37202361111111115 0.14810234375 0.3609125 0.17935234375 0.3609125 0.19107109375 0.37341250000000004 0.19732109375 0.37341250000000004 0.20747734375000002 0.35396805555555555 0.21450859375000003 0.3498013888888889 0.22935234375000002 0.3442458333333333 0.24732109375000003 0.3498013888888889 0.25357109375000003 0.31646805555555557 0.25122734375 0.2956347222222222 0.24185234375000003 0.2720236111111111 0.22544609375000002 0.26924583333333335 0.21528984375000002 0.27757916666666665 0.16919609375 0.2748013888888889 0.12153984375 0.2984125
0 0.88828125 0.41805555555555557 0.88203125 0.4527777777777778 0.88203125 0.46944444444444444 0.88515625 0.4777777777777778 0.925 0.5055555555555555 0.9609375 0.5152777777777777 0.96875 0.5208333333333334 0.97734375 0.5430555555555555 0.99921875 0.55 0.99921875 0.37222222222222223 0.9734375 0.3680555555555556 0.91640625 0.3819444444444444 0.8984375 0.39444444444444443
0 0.4859375 0.22916666666666666 0.4859375 0.24861111111111112 0.49453125 0.25833333333333336 0.546875 0.25833333333333336 0.55625 0.23333333333333334 0.546875 0.21944444444444444 0.49453125 0.22083333333333333
0 0.634375 0.25277777777777777 0.63515625 0.26666666666666666 0.646875 0.27361111111111114 0.65 0.2708333333333333 0.64765625 0.24166666666666667 0.640625 0.24166666666666667
0 0.6609375 0.2361111111111111 0.66171875 0.26805555555555555 0.67421875 0.26805555555555555 0.678125 0.22777777777777777 0.66328125 0.23055555555555557
0 0.68125 0.24166666666666667 0.6859375 0.24583333333333332 0.69140625 0.2722222222222222 0.6984375 0.2833333333333333 0.709375 0.2791666666666667 0.71953125 0.2638888888888889 0.71796875 0.24166666666666667 0.7109375 0.23055555555555557 0.69921875 0.25 0.69375 0.23472222222222222
0 0.8546875 0.3277777777777778 0.85546875 0.34305555555555556 0.878125 0.3416666666666667 0.890625 0.3458333333333333 0.89375 0.3541666666666667 0.89921875 0.35555555555555557 0.9078125 0.3416666666666667 0.91640625 0.3375 0.921875 0.28055555555555556 0.91171875 0.2722222222222222 0.9046875 0.28888888888888886 0.89140625 0.3055555555555556