3 0.3015625 0.5986111111111111 0.29765625 0.6083333333333333 0.29921875 0.6166666666666667 0.30703125 0.6222222222222222 0.31484375 0.6138888888888889 0.36328125 0.5069444444444444 0.440625 0.3194444444444444 0.4328125 0.32083333333333336 0.42109375 0.34305555555555556
0 0.74765625 0.3277777777777778 0.74609375 0.35694444444444445 0.777734375 0.36944444444444446 0.79453125 0.3875 0.80703125 0.3861111111111111 0.8203125 0.36944444444444446 0.859375 0.3680555555555556 0.871875 0.36944444444444446 0.88359375 0.3875 0.89453125 0.3875 0.915625 0.35694444444444445 0.91875 0.34305555555555556 0.91640625 0.30972222222222223 0.91171875 0.2986111111111111 0.89453125 0.2972222222222222 0.884375 0.2902777777777778 0.77265625 0.2972222222222222 0.753125 0.30833333333333335
0 0.91640625 0.44166666666666665 0.9140625 0.475 0.92265625 0.4875 0.96015625 0.5125 0.99921875 0.5236111111111111 0.99921875 0.3597222222222222 0.98984375 0.3625 0.990625 0.3763888888888889 0.9796875 0.38333333333333336 0.95234375 0.3861111111111111 0.93125 0.4 0.92109375 0.41805555555555557
2 0.934375 0.5916666666666667 0.934375 0.5986111111111111 0.94765625 0.6041666666666666 0.99921875 0.6041666666666666 0.99921875 0.5915805555555556
2 0.8046875 0.4666666666666667 0.80546875 0.4722222222222222 0.81171875 0.475 0.9140625 0.47265694444444445 0.9140625 0.46484444444444445
2 0.73359375 0.4 0.734375 0.4041666666666667 0.74296875 0.40555555555555556 0.915625 0.4041666666666667 0.92890625 0.4 0.8791507812500001 0.3971361111111111
2 0.690625 0.35694444444444445 0.69140625 0.3625 0.74375 0.3597222222222222 0.74140625 0.3541666666666667
2 0.6609375 0.3277777777777778 0.6609375 0.33194444444444443 0.7 0.3333333333333333 0.7375 0.33194444444444443 0.74140625 0.3263888888888889
0 0.003125 0.7013888888888888 0 0.7013888888888888 0 0.9986111111111111 0.05234375 0.9986111111111111 0.06015625 0.9569444444444445 0.06171875 0.8819444444444444 0.06875 0.8680555555555556 0.071875 0.8486111111111111 0.06875 0.8166666666666667 0.0625 0.7875 0.05 0.7680555555555556 0.03515625 0.725
0 0.253125 0.27361111111111114 0.2515625 0.3 0.26015625 0.31666666666666665 0.26640625 0.31527777777777777 0.27109375 0.30416666666666664 0.31015625 0.31527777777777777 0.32109375 0.3013888888888889 0.34140625 0.28888888888888886 0.34140625 0.2625 0.33046875 0.25 0.31171875 0.24305555555555555 0.2734375 0.24603194444444446 0.2671875 0.24583333333333332
0 0.6875 0.23194444444444445 0.68515625 0.25972222222222224 0.6890625 0.25972222222222224 0.696875 0.24583333333333332 0.69296875 0.22916666666666666 0.68828125 0.2263888888888889
0 0.628125 0.2361111111111111 0.62421875 0.2513888888888889 0.6296875 0.25416666666666665 0.63359375 0.2638888888888889 0.66875 0.2611111111111111 0.6703125 0.24166666666666667 0.6640625 0.225 0.6375 0.22777777777777777
0 0.5015625 0.23055555555555557 0.50078125 0.24722222222222223 0.50859375 0.25555555555555554 0.5234375 0.2513888888888889 0.55390625 0.25555555555555554 0.56171875 0.24583333333333332 0.565625 0.23333333333333334 0.56171875 0.22361111111111112 0.55390625 0.21944444444444444 0.5125 0.22083333333333333