3 0.38125 0.3333333333333333 0.11104921875 0.8849208333333334 0.1265625 0.9138888888888889 0.24921875 0.6569444444444444 0.3921875 0.325
0 0.7515625 0.3486111111111111 0.75078125 0.3819444444444444 0.7625 0.39305555555555555 0.79765625 0.4027777777777778 0.80390625 0.41805555555555557 0.81171875 0.4222222222222222 0.82421875 0.4222222222222222 0.84296875 0.4013888888888889 0.85234375 0.4041666666666667 0.87109375 0.39861111111111114 0.903125 0.4013888888888889 0.91171875 0.41805555555555557 0.9265625 0.42083333333333334 0.9390625 0.4083333333333333 0.953125 0.3763888888888889 0.95234375 0.3472222222222222 0.9421875 0.3138888888888889 0.91015625 0.30277777777777776 0.81328125 0.30833333333333335 0.771875 0.31666666666666665 0.75859375 0.3263888888888889
0 0.16841484375 0.2847222222222222 0.16528984375 0.30833333333333335 0.17778984375 0.3347222222222222 0.19732109375 0.3194444444444444 0.22153984375000002 0.3236111111111111 0.23325859375000002 0.33194444444444443 0.24497734375000002 0.31666666666666665 0.26060234375 0.3111111111111111 0.26841484375 0.31666666666666665 0.27544609375 0.2902777777777778 0.27075859375 0.26805555555555555 0.26450859375 0.2569444444444444 0.24966484375000003 0.25416666666666665 0.24263359375000002 0.2611111111111111 0.23560234375000003 0.25555555555555554 0.19888359375 0.2638888888888889 0.17622734375 0.2722222222222222
0 0.5953125 0.24166666666666667 0.59453125 0.2513888888888889 0.60234375 0.25555555555555554 0.60625 0.23333333333333334 0.59765625 0.23333333333333334
0 0.6328125 0.22361111111111112 0.6328125 0.2611111111111111 0.6578125 0.26666666666666666 0.66953125 0.2513888888888889 0.66953125 0.23333333333333334 0.66484375 0.225
0 0.4640625 0.2263888888888889 0.46328125 0.2375 0.47265625 0.25 0.51640625 0.24861111111111112 0.52578125 0.24027777777777778 0.5296875 0.22777777777777777 0.52421875 0.21805555555555556 0.4953125 0.2152777777777778 0.47421875 0.2152777777777778
0 0.7640625 0.2902777777777778 0.76171875 0.3 0.765625 0.30694444444444446 0.8 0.30833333333333335 0.81875 0.30277777777777776 0.8236609375 0.2986111111111111 0.82265625 0.2625 0.81875 0.25277777777777777 0.80703125 0.25 0.79765625 0.26805555555555555
2 0.85234375 0.55 0.85234375 0.5625 0.86796875 0.5666666666666667 0.99921875 0.5638888888888889 0.99921875 0.5444444444444444
2 0.74296875 0.44166666666666665 0.7421875 0.44722222222222224 0.74765625 0.4527777777777778 0.89375 0.4513888888888889 0.99609375 0.4486111111111111 0.99921875 0.44722222222222224 0.99921875 0.43472222222222223 0.92109375 0.43333333333333335
2 0.68203125 0.38055555555555554 0.68203125 0.3875 0.74609375 0.38333333333333336 0.74453125 0.37916666666666665
2 0.6421875 0.3416666666666667 0.64296875 0.3472222222222222 0.64765625 0.3486111111111111 0.734375 0.3472222222222222 0.74296875 0.34305555555555556 0.74375 0.3375